5
11 24 07 20 03
04 12 25 08 16
17 05 13 21 09
10 18 01 14 22
23 06 19 02 15
4 
12 16 18 33 
35 34 98 04 
08 10 11 23 
76 45 32 32 
3
4 9 2
3 5 7 
8 1 6 
3
8 1 6
3 5 7
4 9 2
2
02 02
02 02
12
144	2	3	141	140	6	7	137	136	10	11	133
13	131	130	16	17	127	126	20	21	123	122	24
25	119	118	28	29	115	114	32	33	111	110	36
108	38	39	105	104	42	43	101	100	46	47	97
96	50	51	93	92	54	55	89	88	58	59	85
61	83	82	64	65	79	78	68	69	75	74	72
73	71	70	76	77	67	66	80	81	63	62	84
60	86	87	57	56	90	91	53	52	94	95	49
48	98	99	45	44	102	103	41	40	106	107	37
109	35	34	112	113	31	30	116	117	27	26	120
121	23	22	124	125	19	18	128	129	15	14	132
12	134	135	9	8	138	139	5	4	142	143	1
7
30	39	48	1	10	19	28
38	47	7	9	18	27	29
46	6	8	17	26	35	37
5	14	16	25	34	36	45
13	15	24	33	42	44	4
21	23	32	41	43	3	12
22	31	40	49	2	11	20
3
9 9 9
9 8 9
9 9 9
5
17	24	1	8	15
23	5	7	14	16
4	6	13	20	22
10	12	19	21	3
11	18	25	2	9
4
03 06 10 05
10 15 09 02
10 25 98 04
77 22 11 53
2
1 5
5 6
5
17	24	1	8	15
23	5	7	14	16
4	6	13	20	22
10	12	19	21	3
11	18	25	2	9
3
8 1 2
4 3 2
9 5 6
11
68	81	94	107	120	1	14	27	40	53	66
80	93	106	119	11	13	26	39	52	65	67
92	105	118	10	12	25	38	51	64	77	79
104	117	9	22	24	37	50	63	76	78	91
116	8	21	23	36	49	62	75	88	90	103
7	20	33	35	48	61	74	87	89	102	115
19	32	34	47	60	73	86	99	101	114	6
31	44	46	59	72	85	98	100	113	5	18
43	45	58	71	84	97	110	112	4	17	30
55	57	70	83	96	109	111	3	16	29	42
56	69	82	95	108	121	2	15	28	41	54
